64
124
0 1
0 2
1 3
1 4
2 3
2 4
3 5
3 6
4 5
4 6
5 7
5 8
6 7
6 8
7 9
7 10
8 9
8 10
9 11
9 12
10 11
10 12
11 13
11 14
12 13
12 14
13 15
13 16
14 15
14 16
15 17
15 18
16 17
16 18
17 19
17 20
18 19
18 20
19 21
19 22
20 21
20 22
21 23
21 24
22 23
22 24
23 25
23 26
24 25
24 26
25 27
25 28
26 27
26 28
27 29
27 30
28 29
28 30
29 31
29 32
30 31
30 32
31 33
31 34
32 33
32 34
33 35
33 36
34 35
34 36
35 37
35 38
36 37
36 38
37 39
37 40
38 39
38 40
39 41
39 42
40 41
40 42
41 43
41 44
42 43
42 44
43 45
43 46
44 45
44 46
45 47
45 48
46 47
46 48
47 49
47 50
48 49
48 50
49 51
49 52
50 51
50 52
51 53
51 54
52 53
52 54
53 55
53 56
54 55
54 56
55 57
55 58
56 57
56 58
57 59
57 60
58 59
58 60
59 61
59 62
60 61
60 62
61 63
62 63